3|1658462965
3|1658462966
3|1658462967
3|1658462968
3|1658463147
3|1658463148
3|1658463149
3|1658463150
3|1658463254
3|1658463255
3|1658463256
3|1658463257
3|1658463258
3|1658463259
3|1658463260
3|1658463261
3|1658463652
3|1658463654
3|1658463656
3|1658463658
3|1658463660
3|1658463662
3|1658463664
3|1658463666
3|1658464055
3|1658464057
3|1658464059
3|1658464061
3|1658464063
3|1658464065
3|1658464067
3|1658464069
3|1658464071
3|1658464073
3|1658464075
3|1658464077
3|1658464079
3|1658464081
3|1658464083
3|1658464085
3|1658464087
3|1658464089
3|1658464091
3|1658464093
3|1658464095
3|1658464097
3|1658464099
3|1658464101
3|1658464103
3|1658464105
3|1658464107
3|1658464109
3|1658464111
3|1658464113
3|1658464115
3|1658464117
3|1658464119
3|1658464121
3|1658464123
3|1658464125
3|1658464127
3|1658464129
3|1658464131
3|1658464133
3|1658464135
3|1658464137
3|1658464139
3|1658464141
3|1658464143
3|1658464145
3|1658464147
3|1658464149
3|1658464151
3|1658464153
3|1658464155
3|1658464155
3|1658464157
3|1658464157
3|1658464159
3|1658464161
